0 95.952362 359.674072 430.87994399999997 494.52937299999996 497.25448600000004 551.275947 
95.952362 0 455.626434 334.927582 398.57701099999997 593.206848 455.323585 
359.674072 455.626434 0 790.554016 854.2034450000001 137.580414 910.9500190000001 
430.87994399999997 334.927582 790.554016 0 63.649429 928.1344300000001 120.39600300000001 
494.52937299999996 398.57701099999997 854.2034450000001 63.649429 0 991.783859 56.746574 
497.25448600000004 593.206848 137.580414 928.1344300000001 991.783859 0 1048.5304330000001 
551.275947 455.323585 910.9500190000001 120.39600300000001 56.746574 1048.5304330000001 0 
